k 0 0 0 1 
c 64
p0 0 0 
k 0 0 1 1 
c 91
p0 4 0 0 0 0 
k 1 0 1 1 
c 92
p0 7 0 0 4 0 0 0 0 
k 0 0 0 2 
c 128
p0 4 0 0 0 0 
k 0 0 1 2 
c 155
p0 0 0 0 4 0 0 0 0 
k 0 1 1 2 
c 163
p0 3 0 0 0 0 0 4 0 0 0 0 
k 1 1 1 2 
c 164
p4 0 0 0 3 0 0 0 0 0 4 0 0 0 0 
k 0 2 2 0 
c 70
p3 0 0 0 6 0 0 3 0 0 0 0 
k 0 2 1 2 
c 171
p0 5 0 0 3 0 0 0 0 0 4 0 0 0 0 
k 0 3 1 0 
c 51
p3 0 0 0 5 0 0 3 0 0 0 0 
k 1 3 1 0 
c 52
p3 2 0 3 0 0 0 5 0 0 3 0 0 0 0 
k 2 2 2 0 
c 72
p3 3 0 3 2 0 3 0 0 0 6 0 0 3 0 0 0 0 
k 0 3 2 0 
c 78
p3 2 0 3 0 0 0 6 0 0 3 0 0 0 0 
k 0 3 1 2 
c 179
p3 0 0 0 5 0 0 3 0 0 0 0 0 4 0 0 0 0 
k 1 3 1 2 
c 180
p4 0 0 3 0 0 0 5 0 0 3 0 0 0 0 0 4 0 0 0 0 
k 0 4 0 0 
c 32
p0 6 0 0 4 0 0 2 0 0 0 0 
k 0 4 1 0 
c 59
p3 2 0 3 0 0 0 5 0 0 3 0 0 0 0 
k 1 4 1 0 
c 60
p3 4 0 3 2 0 3 0 0 0 5 0 0 3 0 0 0 0 
k 3 3 1 0 
c 54
p3 4 0 3 3 0 3 2 0 3 0 0 0 5 0 0 3 0 0 0 0 
k 0 4 2 0 
c 86
p3 4 0 3 2 0 3 0 0 0 6 0 0 3 0 0 0 0 
k 0 4 1 2 
c 187
p3 2 0 3 0 0 0 5 0 0 3 0 0 0 0 0 4 0 0 0 0 
k 1 4 1 2 
c 188
p4 0 0 3 2 0 3 0 0 0 5 0 0 3 0 0 0 0 0 4 0 0 0 0 
k 3 3 1 2 
c 182
p4 2 0 4 1 0 4 0 0 3 0 0 0 5 0 0 3 0 0 0 0 0 4 0 0 0 0 
k 2 4 2 0 
c 88
p3 7 0 3 6 0 3 4 0 3 2 0 3 0 0 0 6 0 0 3 0 0 0 0 
k 2 4 1 2 
c 189
p4 1 0 4 0 0 3 2 0 3 0 0 0 5 0 0 3 0 0 0 0 0 4 0 0 0 0 
k 3 4 1 0 
c 62
p3 6 0 3 5 0 3 4 0 3 2 0 3 0 0 0 5 0 0 3 0 0 0 0 
k 4 3 2 0 
c 82
p3 7 0 3 6 0 3 5 0 3 4 0 3 2 0 3 0 0 0 6 0 0 3 0 0 0 0 
k 3 4 1 2 
c 190
p4 2 0 4 1 0 4 0 0 3 2 0 3 0 0 0 5 0 0 3 0 0 0 0 0 4 0 0 0 0 
k 4 4 0 0 
c 36
p2 3 0 2 2 0 2 1 0 2 0 0 0 6 0 0 4 0 0 2 0 0 0 0 
k 4 4 1 0 
c 63
p3 7 0 3 6 0 3 5 0 3 4 0 3 2 0 3 0 0 0 5 0 0 3 0 0 0 0 
k 4 4 1 2 
c 191
p4 3 0 4 2 0 4 1 0 4 0 0 3 2 0 3 0 0 0 5 0 0 3 0 0 0 0 0 4 0 0 0 0 
